Year Month Day xp yp
2024  1  1  0.136891  0.202185   
2024  1  2  0.134884  0.202555   
2024  1  3  0.133100  0.203087   
2024  1  4  0.131599  0.204005   
2024  1  5  0.130092  0.205151   
2024  1  6  0.127982  0.206114   
2024  1  7  0.125618  0.206430   
2024  1  8  0.123274  0.206673   
2024  1  9  0.121164  0.206577   
2024  1 10  0.119264  0.206304   
2024  1 11  0.117604  0.206426   
2024  1 12  0.115828  0.206711   
2024  1 13  0.114247  0.207015   
2024  1 14  0.113293  0.207801   
2024  1 15  0.112230  0.208968   
2024  1 16  0.111039  0.209806   
2024  1 17  0.109738  0.210727   
2024  1 18  0.107730  0.211883   
2024  1 19  0.105525  0.212867   
2024  1 20  0.102719  0.213982   
2024  1 21  0.099241  0.214561   
2024  1 22  0.095619  0.214903   
2024  1 23  0.092118  0.215266   
2024  1 24  0.088436  0.215341   
2024  1 25  0.084996  0.215407   
2024  1 26  0.081993  0.215783   
2024  1 27  0.079099  0.216536   
2024  1 28  0.076210  0.217141   
2024  1 29  0.073633  0.217538   
2024  1 30  0.070971  0.217905   
2024  1 31  0.068275  0.218383   
2024  2  1  0.065626  0.219247   
2024  2  2  0.062870  0.220786   
2024  2  3  0.060146  0.222625   
2024  2  4  0.057648  0.224309   
2024  2  5  0.055754  0.226062   
2024  2  6  0.053682  0.227842   
2024  2  7  0.052349  0.229305   
2024  2  8  0.051261  0.231130   
2024  2  9  0.049720  0.233106   
2024  2 10  0.048170  0.235304   
2024  2 11  0.047073  0.237217   
2024  2 12  0.046153  0.238850   
2024  2 13  0.044669  0.240687  
2024  2 14  0.042503  0.242204  
2024  2 15  0.040474  0.243185  
2024  2 16  0.038714  0.243975  
2024  2 17  0.037002  0.245197  
2024  2 18  0.035000  0.246695  
2024  2 19  0.032869  0.248249  
2024  2 20  0.030932  0.249762  
2024  2 21  0.028789  0.251542  
2024  2 22  0.026422  0.253190  
2024  2 23  0.024112  0.255378  
2024  2 24  0.021482  0.257688  
2024  2 25  0.018813  0.259582  
2024  2 26  0.016281  0.261583  
2024  2 27  0.013582  0.263697  
2024  2 28  0.010690  0.265700  
2024  2 29  0.007811  0.267837  
2024  3  1  0.005495  0.269851  
2024  3  2  0.004405  0.272308  
2024  3  3  0.003476  0.275458  
2024  3  4  0.002200  0.278275  
2024  3  5  0.000696  0.280532  
2024  3  6 -0.000734  0.282470  
2024  3  7 -0.001821  0.284186  
2024  3  8 -0.002742  0.286073  
2024  3  9 -0.003594  0.288361  
2024  3 10 -0.004622  0.290857  
2024  3 11 -0.006027  0.293418  
2024  3 12 -0.007242  0.295704  
2024  3 13 -0.007993  0.297902  
2024  3 14 -0.008494  0.299974  
2024  3 15 -0.009051  0.302217  
2024  3 16 -0.010146  0.304815  
2024  3 17 -0.011353  0.307152  
2024  3 18 -0.012435  0.309249  
2024  3 19 -0.013159  0.311376  
2024  3 20 -0.013499  0.313109  
2024  3 21 -0.012898  0.314738  
2024  3 22 -0.012047  0.316399  
2024  3 23 -0.011258  0.318618  
2024  3 24 -0.010807  0.321712  
2024  3 25 -0.010649  0.324766  
2024  3 26 -0.010995  0.327486  
2024  3 27 -0.011455  0.330152  
2024  3 28 -0.012243  0.332926  
2024  3 29 -0.012669  0.335166  
2024  3 30 -0.012684  0.337027  
2024  3 31 -0.012874  0.338954  
2024  4  1 -0.013324  0.340813  
2024  4  2 -0.013435  0.342453  
2024  4  3 -0.012656  0.344283  
2024  4  4 -0.011548  0.346436  
2024  4  5 -0.010421  0.348816  
2024  4  6 -0.009599  0.351284  
2024  4  7 -0.009179  0.353845  
2024  4  8 -0.009086  0.356409  
2024  4  9 -0.009249  0.358885  
2024  4 10 -0.008775  0.360748  
2024  4 11 -0.007990  0.362624  
2024  4 12 -0.007403  0.364460  
2024  4 13 -0.006909  0.366032  
2024  4 14 -0.006533  0.367607  
2024  4 15 -0.006043  0.369244  
2024  4 16 -0.005002  0.371329  
2024  4 17 -0.003722  0.373918  
2024  4 18 -0.002935  0.376672  
2024  4 19 -0.002409  0.379030  
2024  4 20 -0.002067  0.381542  
2024  4 21 -0.002233  0.384130  
2024  4 22 -0.002341  0.386386  
2024  4 23 -0.001814  0.388492  
2024  4 24 -0.000918  0.390679  
2024  4 25  0.000454  0.393148  
2024  4 26  0.001343  0.395867  
2024  4 27  0.001545  0.398199  
2024  4 28  0.001677  0.400407  
2024  4 29  0.002169  0.402065  
2024  4 30  0.002986  0.403431  
2024  5  1  0.004010  0.404767  
2024  5  2  0.005570  0.406384  
2024  5  3  0.007163  0.408206  
2024  5  4  0.009226  0.410184  
2024  5  5  0.010870  0.412161  
2024  5  6  0.011777  0.413866  
2024  5  7  0.012147  0.415307  
2024  5  8  0.012301  0.416337  
2024  5  9  0.012623  0.417373  
2024  5 10  0.012973  0.418728  
2024  5 11  0.013630  0.420293  
2024  5 12  0.014158  0.421887  
2024  5 13  0.014619  0.423380  
2024  5 14  0.015189  0.424764  
2024  5 15  0.015823  0.425929  
2024  5 16  0.016597  0.426643  
2024  5 17  0.017680  0.427869  
2024  5 18  0.018700  0.429096  
2024  5 19  0.020090  0.430159  
2024  5 20  0.021783  0.431251  
2024  5 21  0.023368  0.432552  
2024  5 22  0.024797  0.434024  
2024  5 23  0.026198  0.435719  
2024  5 24  0.026841  0.437556  
2024  5 25  0.026846  0.439096  
2024  5 26  0.027156  0.440424  
2024  5 27  0.028173  0.441865  
2024  5 28  0.029480  0.443848  
2024  5 29  0.030853  0.445789  
2024  5 30  0.032114  0.447688  
2024  5 31  0.033093  0.449271  
2024  6  1  0.033949  0.450726  
2024  6  2  0.034801  0.452436  
2024  6  3  0.035415  0.454449  
2024  6  4  0.035932  0.456327  
2024  6  5  0.036673  0.457834  
2024  6  6  0.037487  0.459138  
2024  6  7  0.038565  0.460373  
2024  6  8  0.039947  0.461678  
2024  6  9  0.041938  0.463044  
2024  6 10  0.043871  0.464460  
2024  6 11  0.045732  0.465323  
2024  6 12  0.047737  0.466087  
2024  6 13  0.049960  0.466673  
2024  6 14  0.051869  0.467738  
2024  6 15  0.053599  0.468958  
2024  6 16  0.055337  0.470153  
2024  6 17  0.057147  0.471082  
2024  6 18  0.058793  0.472026  
2024  6 19  0.060651  0.472655  
2024  6 20  0.062874  0.473258  
2024  6 21  0.065510  0.473730  
2024  6 22  0.068521  0.474266  
2024  6 23  0.071113  0.474962  
2024  6 24  0.073422  0.475615  
2024  6 25  0.075250  0.476283  
2024  6 26  0.077419  0.476809  
2024  6 27  0.079989  0.477316  
2024  6 28  0.082511  0.477875  
2024  6 29  0.085073  0.478255  
2024  6 30  0.087985  0.478787  
2024  7  1  0.090768  0.479056  
2024  7  2  0.093591  0.478899  
2024  7  3  0.096521  0.478959  
2024  7  4  0.099391  0.478430  
2024  7  5  0.102073  0.478153  
2024  7  6  0.104445  0.478142  
2024  7  7  0.106630  0.478271  
2024  7  8  0.108257  0.478138  
2024  7  9  0.109768  0.477735  
2024  7 10  0.111585  0.477264  
2024  7 11  0.113723  0.476907  
2024  7 12  0.115999  0.476943  
2024  7 13  0.118382  0.477471  
2024  7 14  0.120838  0.478331  
2024  7 15  0.122872  0.479037  
2024  7 16  0.125227  0.479615  
2024  7 17  0.127881  0.479693  
2024  7 18  0.130506  0.479473  
2024  7 19  0.132804  0.479308  
2024  7 20  0.134956  0.479323  
2024  7 21  0.137341  0.479269  
2024  7 22  0.140073  0.479032  
2024  7 23  0.142806  0.478945  
2024  7 24  0.145560  0.479179  
2024  7 25  0.148439  0.479486  
2024  7 26  0.150958  0.479629  
2024  7 27  0.152941  0.479648  
2024  7 28  0.154248  0.479414  
2024  7 29  0.155777  0.478731  
2024  7 30  0.157404  0.478195  
2024  7 31  0.159281  0.477650  
2024  8  1  0.161188  0.477331  
2024  8  2  0.163634  0.476656  
2024  8  3  0.166545  0.476250  
2024  8  4  0.168752  0.476175  
2024  8  5  0.170324  0.475893  
2024  8  6  0.171976  0.475272  
2024  8  7  0.173689  0.474153  
2024  8  8  0.175474  0.472930  
2024  8  9  0.177632  0.471795  
2024  8 10  0.180101  0.470687  
2024  8 11  0.182362  0.469749  
2024  8 12  0.184145  0.468954  
2024  8 13  0.185839  0.467838  
2024  8 14  0.187710  0.466893  
2024  8 15  0.189332  0.465822  
2024  8 16  0.190880  0.464824  
2024  8 17  0.192599  0.463732  
2024  8 18  0.194566  0.463040  
2024  8 19  0.196090  0.462517  
2024  8 20  0.197169  0.461587  
2024  8 21  0.198431  0.460328  
2024  8 22  0.199999  0.459208  
2024  8 23  0.201388  0.458211  
2024  8 24  0.202572  0.457263  
2024  8 25  0.203445  0.456265  
2024  8 26  0.204621  0.455054  
2024  8 27  0.205639  0.453834  
2024  8 28  0.206240  0.452455  
2024  8 29  0.206760  0.451051  
2024  8 30  0.207507  0.449841  
2024  8 31  0.208128  0.448764  
2024  9  1  0.208373  0.447461  
2024  9  2  0.208791  0.445550  
2024  9  3  0.209581  0.443829  
2024  9  4  0.210345  0.442766  
2024  9  5  0.211347  0.441892  
2024  9  6  0.212399  0.440940  
2024  9  7  0.213509  0.439920  
2024  9  8  0.214137  0.438724  
2024  9  9  0.214683  0.437259  
2024  9 10  0.215274  0.435737  
2024  9 11  0.215886  0.434141  
2024  9 12  0.216289  0.432585  
2024  9 13  0.217384  0.430825  
2024  9 14  0.218926  0.429346  
2024  9 15  0.220168  0.427947  
2024  9 16  0.220983  0.426771  
2024  9 17  0.221647  0.425577  
2024  9 18  0.221818  0.424291  
2024  9 19  0.221438  0.423003  
2024  9 20  0.221401  0.421715  
2024  9 21  0.222174  0.420795  
2024  9 22  0.223172  0.420159  
2024  9 23  0.223882  0.419507  
2024  9 24  0.224461  0.418741  
2024  9 25  0.224811  0.417635  
2024  9 26  0.224959  0.416399  
2024  9 27  0.225014  0.415024  
2024  9 28  0.225342  0.413722  
2024  9 29  0.225310  0.412115  
2024  9 30  0.225528  0.409893  
2024 10  1  0.226069  0.407874  
2024 10  2  0.226512  0.406221  
2024 10  3  0.226566  0.404945  
2024 10  4  0.226562  0.403832  
2024 10  5  0.226262  0.402866  
2024 10  6  0.225977  0.401551  
2024 10  7  0.225783  0.400335  
2024 10  8  0.225603  0.398797  
2024 10  9  0.225522  0.397096  
2024 10 10  0.226128  0.395452  
2024 10 11  0.226675  0.393910  
2024 10 12  0.226577  0.392355  
2024 10 13  0.226240  0.391018  
2024 10 14  0.225962  0.389779  
2024 10 15  0.225937  0.388501  
2024 10 16  0.225744  0.387299  
2024 10 17  0.225065  0.386153  
2024 10 18  0.224221  0.384604  
2024 10 19  0.223675  0.382899  
2024 10 20  0.223348  0.381274  
2024 10 21  0.222991  0.379834  
2024 10 22  0.222451  0.378206  
2024 10 23  0.222124  0.376279  
2024 10 24  0.221375  0.374685  
2024 10 25  0.220329  0.372814  
2024 10 26  0.219382  0.371496  
2024 10 27  0.218387  0.369950  
2024 10 28  0.217891  0.368306  
2024 10 29  0.217356  0.367260  
2024 10 30  0.216739  0.366300  
2024 10 31  0.216058  0.365610  
2024 11  1  0.215270  0.364854  
2024 11  2  0.214625  0.364281  
2024 11  3  0.213571  0.363773  
2024 11  4  0.212693  0.362463  
2024 11  5  0.212001  0.361187  
2024 11  6  0.211162  0.359912  
2024 11  7  0.209995  0.358451  
2024 11  8  0.208786  0.356606  
2024 11  9  0.208064  0.354584  
2024 11 10  0.207846  0.352746  
2024 11 11  0.207581  0.351131  
2024 11 12  0.207292  0.349470  
2024 11 13  0.206761  0.348007  
2024 11 14  0.206343  0.346578  
2024 11 15  0.205880  0.345634  
2024 11 16  0.205051  0.344557  
2024 11 17  0.204365  0.343525  
2024 11 18  0.203201  0.342487  
2024 11 19  0.202504  0.340984  
2024 11 20  0.202570  0.339786  
2024 11 21  0.202864  0.338852  
2024 11 22  0.203014  0.338346  
2024 11 23  0.202587  0.337858  
2024 11 24  0.201406  0.337367  
2024 11 25  0.199748  0.336632  
2024 11 26  0.198111  0.335639  
2024 11 27  0.196641  0.334254  
2024 11 28  0.195678  0.332703  
2024 11 29  0.195140  0.331321  
2024 11 30  0.194636  0.329999  
2024 12  1  0.193734  0.328693  
2024 12  2  0.192251  0.327546  
2024 12  3  0.190519  0.326401  
2024 12  4  0.188718  0.325142  
2024 12  5  0.186791  0.323745  
2024 12  6  0.185077  0.322083  
2024 12  7  0.183486  0.320294  
2024 12  8  0.181863  0.318735  
2024 12  9  0.180194  0.317398  
2024 12 10  0.178661  0.316084  
2024 12 11  0.177547  0.315154                                           
2024 12 12  0.176569  0.314502                                         
2024 12 13  0.175413  0.313997                                      
2024 12 14  0.173870  0.313227                                      
2024 12 15  0.172209  0.312265                                      
2024 12 16  0.170430  0.311433                                      
2024 12 17  0.168539  0.310699                                      
2024 12 18  0.166992  0.310196                                      
2024 12 19  0.165865  0.309696                                      
2024 12 20  0.164779  0.309732                                      
2024 12 21  0.163602  0.309742                                      
2024 12 22  0.162418  0.309772                                      
2024 12 23  0.161253  0.309931                                      
2024 12 24  0.159600  0.310078                                      
2024 12 25  0.157016  0.309746                                      
2024 12 26  0.153995  0.308923                                      
2024 12 27  0.151235  0.307951                                      
2024 12 28  0.149087  0.307013                                      
2024 12 29  0.147643  0.306295                                      
2024 12 30  0.146388  0.305778                                      
2024 12 31  0.145152  0.305379 